depth	min	max	median	mean
2.5	-16	402	184	185
3.5	24	754	294	317
4.5	54	1147	396	450
5.5	80	1542	498	582
6.5	100	1944	602	715
7.5	175	2200	733	853
8.5	258	2324	893	998
9.5	312	2481	1055	1142
10.5	358	2669	1207	1286
11.5	397	2900	1347	1430
12.5	497	3106	1504	1583
13.5	620	3259	1681	1745
14.5	701	3438	1850	1907
15.5	773	3665	2020	2069
16.5	831	3949	2180	2230
17.5	951	4146	2335	2392
18.5	1104	4232	2513	2554
19.5	1208	4337	2692	2715
20.5	1300	4470	2873	2877
21.5	1376	4638	3049	3039
22.5	1582	4777	3212	3206
23.5	1840	4846	3390	3379
24.5	2011	4931	3585	3551
25.5	2144	5028	3785	3724
26.5	2244	5147	3976	3896
27.5	2435	5262	4139	4056
28.5	2673	5304	4291	4202
29.5	2885	5355	4451	4348
30.5	3047	5418	4613	4495
31.5	3184	5503	4776	4641
32.5	3466	5585	4920	4800
33.5	3916	5612	5061	4971
34.5	4375	5647	5202	5142
35.5	4817	5693	5340	5313
36.5	5217	5774	5482	5485
37.5	5384	5867	5593	5602
38.5	5438	5934	5656	5665
39.5	5471	6044	5716	5728
40.5	5496	6181	5773	5791
41.5	5514	6332	5827	5854
42.5	5558	6432	5885	5916
43.5	5610	6477	5952	5977
44.5	5647	6531	6021	6038
45.5	5677	6595	6087	6099
46.5	5700	6684	6150	6160
47.5	5750	6749	6210	6219
48.5	5811	6783	6271	6277
49.5	5856	6823	6335	6335
50.5	5891	6869	6398	6393
51.5	5921	6934	6459	6451
52.5	5984	6985	6517	6509
53.5	6070	7010	6576	6568
54.5	6137	7040	6640	6627
55.5	6188	7079	6706	6686
56.5	6230	7130	6771	6744
57.5	6325	7174	6826	6804
58.5	6471	7195	6876	6863
59.5	6608	7221	6927	6923
60.5	6723	7256	6981	6982
61.5	6806	7301	7039	7042
62.5	6889	7364	7115	7117
63.5	6952	7505	7200	7207
64.5	6988	7711	7278	7298
65.5	7015	7953	7353	7388
66.5	7036	8211	7426	7479
67.5	7094	8375	7511	7572
68.5	7157	8467	7613	7667
69.5	7200	8578	7715	7762
70.5	7234	8719	7812	7857
71.5	7264	8905	7900	7952
72.5	7329	9045	7992	8045
73.5	7404	9123	8092	8137
74.5	7459	9210	8191	8229
75.5	7504	9327	8285	8320
76.5	7543	9470	8376	8412
77.5	7621	9582	8469	8504
78.5	7716	9642	8565	8597
79.5	7786	9720	8667	8690
80.5	7846	9804	8770	8783
81.5	7900	9911	8868	8875
82.5	7986	10003	8964	8968
83.5	8089	10055	9061	9062
84.5	8169	10119	9160	9155
85.5	8237	10195	9259	9248
86.5	8293	10295	9357	9341
87.5	8400	10377	9451	9435
88.5	8538	10416	9548	9530
89.5	8643	10460	9651	9624
90.5	8720	10520	9759	9719
91.5	8792	10601	9859	9813
92.5	8921	10670	9951	9908
93.5	9090	10702	10043	10001
94.5	9230	10740	10139	10095
95.5	9327	10789	10240	10189
96.5	9408	10862	10343	10283
97.5	9573	10922	10430	10379
98.5	9833	10951	10508	10476
99.5	10084	10982	10587	10573
100.5	10312	11028	10669	10670
101.5	10497	11091	10755	10766
102.5	10576	11152	10819	10832
103.5	10607	11188	10854	10867
104.5	10630	11233	10890	10901
105.5	10649	11288	10923	10935
106.5	10663	11358	10955	10970
107.5	10688	11407	10987	11003
108.5	10719	11435	11020	11035
109.5	10742	11470	11054	11067
110.5	10761	11512	11087	11099
111.5	10778	11565	11119	11132
112.5	10806	11606	11150	11163
113.5	10837	11631	11182	11195
114.5	10863	11658	11214	11226
115.5	10884	11694	11247	11258
116.5	10899	11738	11278	11289
117.5	10932	11772	11309	11321
118.5	10970	11796	11340	11352
119.5	10997	11822	11373	11383
120.5	11021	11855	11406	11415
121.5	11042	11891	11439	11446
122.5	11071	11922	11470	11477
123.5	11110	11944	11501	11508
124.5	11142	11967	11533	11538
125.5	11169	11995	11566	11569
126.5	11191	12031	11598	11600
127.5	11225	12057	11628	11631
128.5	11266	12079	11659	11662
129.5	11301	12101	11692	11693
130.5	11329	12129	11724	11724
131.5	11352	12162	11756	11755
132.5	11394	12190	11787	11786
133.5	11447	12211	11816	11818
134.5	11493	12234	11847	11850
135.5	11528	12260	11879	11882
136.5	11556	12292	11912	11914
137.5	11601	12319	11941	11945
138.5	11664	12338	11968	11976
139.5	11718	12358	11995	12006
140.5	11765	12381	12024	12037
141.5	11800	12411	12055	12068
142.5	11828	12438	12081	12094
143.5	11849	12460	12104	12117
144.5	11867	12484	12127	12139
145.5	11882	12513	12151	12162
146.5	11896	12547	12172	12185
147.5	11914	12576	12194	12207
148.5	11936	12596	12216	12228
149.5	11953	12618	12238	12250
150.5	11967	12644	12260	12271
151.5	11981	12673	12281	12293
152.5	12002	12698	12303	12315
153.5	12025	12717	12324	12337
154.5	12042	12740	12347	12359
155.5	12058	12766	12370	12381
156.5	12072	12796	12392	12403
157.5	12092	12820	12414	12425
158.5	12116	12837	12437	12447
159.5	12137	12855	12460	12469
160.5	12155	12878	12482	12490
161.5	12170	12905	12505	12512
162.5	12191	12926	12527	12534
163.5	12218	12943	12547	12555
164.5	12239	12962	12569	12577
165.5	12257	12984	12592	12598
166.5	12273	13008	12614	12620
167.5	12294	13031	12635	12641
168.5	12320	13048	12657	12663
169.5	12342	13066	12679	12685
170.5	12360	13085	12701	12706
171.5	12376	13108	12724	12728
172.5	12399	13127	12746	12749
173.5	12425	13146	12767	12771
174.5	12449	13162	12788	12792
175.5	12470	13183	12811	12814
176.5	12486	13206	12833	12835
177.5	12513	13225	12854	12857
178.5	12543	13242	12875	12879
179.5	12569	13259	12897	12901
180.5	12589	13279	12920	12923
181.5	12607	13302	12942	12945
182.5	12635	13321	12964	12967
183.5	12669	13336	12985	12989
184.5	12697	13352	13006	13010
185.5	12721	13370	13029	13032
186.5	12741	13394	13052	13054
187.5	12773	13414	13073	13076
188.5	12810	13429	13093	13098
189.5	12840	13446	13114	13120
190.5	12866	13465	13136	13142
191.5	12888	13486	13158	13164
192.5	12922	13503	13178	13186
193.5	12969	13518	13197	13208
194.5	13011	13532	13217	13230
195.5	13046	13548	13238	13252
196.5	13072	13568	13259	13274
197.5	13105	13596	13291	13305
198.5	13137	13635	13334	13346
199.5	13158	13689	13375	13388
200.5	13174	13764	13414	13429
201.5	13187	13853	13451	13470
202.5	13218	13918	13492	13513
203.5	13256	13955	13538	13556
204.5	13283	14005	13585	13600
205.5	13306	14065	13628	13643
206.5	13325	14142	13671	13687
207.5	13360	14201	13714	13731
208.5	13401	14234	13762	13776
209.5	13431	14275	13810	13821
210.5	13457	14325	13857	13865
211.5	13479	14392	13903	13910
212.5	13519	14441	13947	13955
213.5	13569	14472	13993	13999
214.5	13606	14504	14041	14044
215.5	13637	14546	14088	14088
216.5	13664	14597	14135	14133
217.5	13714	14642	14179	14177
218.5	13783	14664	14223	14222
219.5	13833	14692	14269	14267
220.5	13874	14729	14316	14312
221.5	13907	14774	14363	14358
222.5	13971	14811	14405	14402
223.5	14066	14833	14445	14447
224.5	14144	14860	14489	14492
225.5	14204	14896	14533	14537
226.5	14249	14940	14578	14582
227.5	14295	14982	14621	14624
228.5	14338	15016	14661	14664
229.5	14371	15060	14702	14704
230.5	14396	15114	14743	14745
231.5	14416	15180	14782	14785
232.5	14455	15228	14820	14824
233.5	14503	15257	14860	14864
234.5	14537	15294	14900	14903
235.5	14564	15335	14942	14943
236.5	14589	15382	14983	14982
237.5	14636	15423	15021	15022
238.5	14694	15448	15060	15062
239.5	14742	15479	15101	15102
240.5	14778	15512	15143	15143
241.5	14810	15553	15185	15183
242.5	14868	15590	15223	15223
243.5	14955	15614	15257	15262
244.5	15029	15640	15293	15301
245.5	15089	15671	15330	15341
246.5	15133	15706	15368	15380
247.5	15161	15735	15396	15408
248.5	15180	15753	15412	15425
249.5	15196	15771	15429	15441
250.5	15210	15790	15446	15458
251.5	15222	15810	15463	15475
252.5	15237	15829	15478	15491
253.5	15256	15842	15494	15507
254.5	15272	15858	15510	15523
255.5	15285	15876	15526	15539
256.5	15298	15893	15542	15555
257.5	15314	15910	15558	15570
258.5	15334	15924	15573	15586
259.5	15351	15940	15589	15602
260.5	15366	15955	15605	15617
261.5	15379	15971	15620	15633
262.5	15396	15987	15636	15649
263.5	15416	16001	15651	15664
264.5	15434	16015	15666	15680
265.5	15449	16031	15682	15696
266.5	15462	16047	15698	15711
267.5	15480	16061	15713	15727
268.5	15504	16075	15729	15743
269.5	15525	16087	15745	15759
270.5	15540	16101	15760	15775
271.5	15554	16118	15776	15790
272.5	15572	16135	15794	15808
273.5	15591	16153	15813	15827
274.5	15607	16172	15832	15845
275.5	15621	16192	15851	15864
276.5	15632	16217	15870	15883
277.5	15650	16238	15888	15901
278.5	15670	16257	15908	15920
279.5	15687	16274	15927	15939
280.5	15702	16296	15946	15958
281.5	15714	16319	15966	15977
282.5	15731	16341	15984	15996
283.5	15752	16357	16003	16015
284.5	15770	16375	16022	16033
285.5	15786	16396	16042	16052
286.5	15799	16416	16061	16071
287.5	15818	16436	16079	16090
288.5	15841	16452	16097	16109
289.5	15860	16469	16116	16128
290.5	15878	16487	16136	16147
291.5	15892	16509	16155	16165
292.5	15914	16527	16174	16184
293.5	15940	16542	16192	16203
294.5	15962	16558	16211	16222
295.5	15979	16575	16231	16241
296.5	15995	16595	16250	16260
297.5	16019	16615	16268	16279
298.5	16050	16628	16286	16298
299.5	16077	16646	16304	16317
300.5	16098	16662	16323	16337
301.5	16115	16682	16342	16356
302.5	16133	16699	16360	16373
303.5	16150	16716	16376	16389
304.5	16163	16732	16392	16405
305.5	16175	16749	16408	16421
306.5	16185	16769	16424	16436
307.5	16200	16787	16439	16452
308.5	16216	16800	16455	16468
309.5	16230	16819	16471	16483
310.5	16243	16837	16486	16499
311.5	16254	16856	16502	16514
312.5	16270	16872	16517	16529
313.5	16287	16886	16532	16545
314.5	16301	16901	16547	16560
315.5	16313	16918	16563	16575
316.5	16323	16936	16578	16590
317.5	16338	16952	16593	16606
318.5	16355	16964	16609	16621
319.5	16371	16976	16624	16636
320.5	16384	16992	16640	16651
321.5	16397	17010	16656	16666
322.5	16412	17026	16671	16682
323.5	16431	17040	16687	16697
324.5	16446	17054	16703	16712
325.5	16459	17070	16718	16728
326.5	16471	17089	16734	16743
327.5	16487	17103	16749	16759
328.5	16506	17114	16764	16774
329.5	16523	17129	16780	16790
330.5	16537	17144	16795	16805
331.5	16550	17160	16811	16820
332.5	16568	17176	16826	16836
333.5	16587	17189	16841	16851
334.5	16605	17203	16856	16866
335.5	16619	17218	16871	16882
336.5	16633	17234	16887	16897
337.5	16651	17249	16902	16912
338.5	16674	17260	16916	16927
339.5	16694	17274	16931	16943
340.5	16711	17287	16946	16958
341.5	16725	17303	16962	16973
342.5	16743	17317	16977	16988
343.5	16768	17329	16991	17004
344.5	16789	17342	17005	17019
345.5	16807	17357	17021	17035
346.5	16821	17371	17036	17050
347.5	16837	17385	17051	17065
348.5	16853	17399	17065	17079
349.5	16868	17414	17080	17094
350.5	16881	17428	17094	17108
351.5	16891	17446	17110	17123
352.5	16906	17462	17124	17137
353.5	16923	17475	17138	17152
354.5	16939	17490	17153	17166
355.5	16951	17505	17167	17181
356.5	16962	17522	17182	17195
357.5	16977	17536	17196	17210
358.5	16995	17550	17210	17224
359.5	17011	17564	17225	17238
360.5	17024	17578	17240	17253
361.5	17036	17595	17254	17267
362.5	17054	17615	17274	17286
363.5	17075	17638	17298	17310
364.5	17092	17661	17323	17333
365.5	17105	17690	17345	17357
366.5	17116	17728	17368	17381
367.5	17135	17760	17391	17405
368.5	17158	17784	17416	17429
369.5	17176	17810	17441	17454
370.5	17191	17843	17466	17479
371.5	17204	17879	17491	17503
372.5	17225	17909	17515	17528
373.5	17250	17929	17540	17553
374.5	17271	17955	17565	17578
375.5	17288	17985	17591	17602
376.5	17303	18016	17616	17627
377.5	17325	18045	17641	17652
378.5	17351	18066	17667	17677
379.5	17373	18089	17691	17702
380.5	17391	18116	17718	17727
381.5	17405	18148	17743	17752
382.5	17429	18175	17768	17777
383.5	17459	18195	17793	17802
384.5	17482	18218	17819	17827
385.5	17501	18242	17845	17852
386.5	17516	18272	17871	17877
387.5	17540	18295	17895	17902
388.5	17570	18314	17921	17927
389.5	17596	18335	17947	17952
390.5	17615	18360	17974	17977
391.5	17634	18388	18000	18002
392.5	17661	18412	18025	18027
393.5	17693	18429	18051	18052
394.5	17722	18448	18077	18077
395.5	17747	18470	18103	18103
396.5	17766	18497	18129	18128
397.5	17794	18519	18153	18153
398.5	17830	18536	18178	18178
399.5	17857	18555	18203	18203
400.5	17880	18577	18229	18228
401.5	17899	18602	18255	18253
402.5	17929	18626	18280	18277
403.5	17967	18643	18304	18302
404.5	18001	18661	18329	18327
405.5	18026	18683	18355	18352
406.5	18048	18706	18381	18376
407.5	18081	18727	18405	18401
408.5	18125	18741	18429	18426
409.5	18161	18759	18454	18451
410.5	18189	18778	18479	18476
411.5	18213	18804	18505	18500
412.5	18261	18840	18553	18547
413.5	18313	18918	18618	18615
414.5	18347	19052	18677	18683
415.5	18376	19216	18735	18752
416.5	18401	19389	18792	18820
417.5	18457	19512	18860	18893
418.5	18522	19576	18941	18970
419.5	18566	19660	19022	19047
420.5	18602	19772	19099	19124
421.5	18631	19909	19171	19201
422.5	18691	20011	19249	19279
423.5	18768	20065	19336	19358
424.5	18821	20128	19424	19438
425.5	18864	20209	19510	19517
426.5	18904	20321	19591	19596
427.5	18974	20409	19669	19675
428.5	19067	20449	19751	19754
429.5	19133	20499	19837	19832
430.5	19190	20559	19923	19910
431.5	19237	20638	20006	19989
432.5	19334	20707	20087	20068
433.5	19462	20738	20168	20149
434.5	19561	20779	20252	20230
435.5	19642	20832	20342	20311
436.5	19703	20904	20430	20392
437.5	19832	20962	20505	20473
438.5	20031	20990	20571	20553
439.5	20217	21026	20639	20632
440.5	20374	21070	20711	20712
441.5	20493	21131	20788	20792
442.5	20581	21206	20868	20872
443.5	20647	21299	20947	20953
444.5	20689	21439	21023	21034
445.5	20718	21619	21095	21115
446.5	20740	21816	21164	21195
447.5	20797	21952	21240	21276
448.5	20860	22024	21326	21358
449.5	20902	22108	21413	21439
450.5	20940	22222	21497	21520
451.5	20969	22365	21576	21602
452.5	21037	22467	21653	21682
453.5	21117	22516	21739	21761
454.5	21179	22575	21824	21841
455.5	21229	22653	21911	21920
456.5	21269	22754	21994	21999
457.5	21345	22835	22074	22079
458.5	21441	22879	22157	22158
459.5	21511	22926	22244	22238
460.5	21569	22991	22331	22318
461.5	21623	23073	22416	22397
462.5	21720	23138	22496	22477
463.5	21850	23174	22576	22558
464.5	21947	23215	22659	22638
465.5	22022	23269	22746	22719
466.5	22086	23339	22834	22799
467.5	22217	23398	22909	22880
468.5	22424	23430	22975	22961
469.5	22619	23465	23042	23042
470.5	22792	23513	23112	23122
471.5	22920	23574	23190	23203
472.5	22994	23637	23257	23270
473.5	23035	23695	23312	23324
474.5	23063	23772	23365	23378
475.5	23085	23873	23415	23431
476.5	23104	24002	23462	23485
477.5	23137	24093	23512	23537
478.5	23174	24146	23565	23589
479.5	23206	24214	23616	23640
480.5	23229	24294	23666	23691
481.5	23250	24393	23714	23742
482.5	23285	24468	23764	23794
483.5	23329	24516	23817	23845
484.5	23364	24572	23871	23896
485.5	23392	24644	23923	23948
486.5	23417	24720	23975	23999
487.5	23458	24783	24024	24050
488.5	23505	24832	24078	24102
489.5	23544	24885	24131	24153
490.5	23578	24947	24184	24205
491.5	23604	25021	24236	24256
492.5	23646	25087	24288	24308
493.5	23693	25131	24339	24359
494.5	23735	25181	24393	24409
495.5	23770	25241	24447	24460
496.5	23799	25311	24496	24511
497.5	23845	25367	24547	24562
498.5	23898	25406	24598	24612
499.5	23940	25454	24651	24663
500.5	23979	25507	24702	24713
501.5	24013	25570	24755	24764
502.5	24063	25624	24806	24814
503.5	24125	25663	24858	24865
504.5	24170	25708	24910	24916
505.5	24209	25760	24962	24966
506.5	24244	25819	25014	25017
507.5	24292	25868	25065	25068
508.5	24352	25904	25118	25119
509.5	24401	25950	25171	25170
510.5	24443	25999	25224	25222
511.5	24482	26060	25275	25273
512.5	24535	26108	25325	25324
513.5	24594	26141	25376	25375
514.5	24648	26182	25429	25426
515.5	24692	26229	25480	25476
516.5	24732	26282	25532	25527
517.5	24785	26329	25582	25578
518.5	24856	26359	25634	25628
519.5	24913	26395	25686	25679
520.5	24963	26436	25738	25729
521.5	25001	26488	25790	25780
522.5	25060	26531	25841	25830
523.5	25132	26559	25891	25881
524.5	25194	26594	25944	25931
525.5	25246	26633	25997	25982
526.5	25288	26679	26048	26032
527.5	25353	26722	26098	26083
528.5	25431	26750	26148	26134
529.5	25501	26781	26199	26185
530.5	25560	26821	26251	26236
531.5	25607	26866	26305	26287
532.5	25673	26906	26354	26338
533.5	25758	26932	26403	26388
534.5	25830	26962	26451	26439
535.5	25886	26999	26504	26489
536.5	25937	27042	26555	26540
537.5	26018	27082	26603	26590
538.5	26132	27105	26649	26641
539.5	26231	27131	26698	26691
540.5	26312	27163	26749	26741
541.5	26374	27207	26800	26792
542.5	26425	27254	26851	26843
543.5	26467	27316	26901	26894
544.5	26495	27404	26949	26945
545.5	26522	27510	26994	26996
546.5	26542	27629	27038	27047
547.5	26575	27720	27085	27098
